version https://git-lfs.github.com/spec/v1
oid sha256:484382827de3b95c467d61086c7082c17e63e600c4acab109dc4139114d4ded1
size 161812812
